2012 05 5353 4246 742
2012 06 4907 3960 704
2012 07 5336 4092 742
2012 08 5139 4038 719
2012 09 4937 4018 718
2012 10 5304 4036 742
2012 11 5053 3802 711
2012 12 5177 3859 719
2013 01 5400 3972 741
2013 02 4736 3739 669
2013 03 5246 4096 742
2013 04 4907 3830 707
2013 05 5260 3981 725
2013 06 5289 3952 718
2013 07 4633 3467 659
2013 08 5166 3968 736
2013 09 5087 3864 717
2013 10 5167 3913 742
2013 11 5135 3863 717
2013 12 5107 3933 724
2014 01 5129 4056 740
2014 02 4665 3586 666
2014 03 5267 3844 742
2014 04 5024 3768 717




