0.416667 7.214286 0.098604 5.722372 0.087819 
0.500000 6.970170 0.099503 5.625000 0.089387 
0.583333 7.191375 0.098447 5.514825 0.086211 
0.666667 7.147427 0.099704 5.616134 0.088380 
0.750000 6.876045 0.097860 5.596100 0.088284 
0.833333 7.148248 0.098152 5.439353 0.085619 
0.916667 7.106892 0.099978 5.347398 0.086723 
1.000000 7.200278 0.100071 5.367177 0.086399 
1.083333 7.287449 0.099170 5.360324 0.085052 
1.166667 7.079223 0.102868 5.588939 0.091401 
1.250000 7.070081 0.097614 5.520216 0.086253 
1.333333 6.940594 0.099081 5.417256 0.087535 
1.416667 7.255172 0.100036 5.491034 0.087028 
1.500000 7.366295 0.101289 5.504178 0.087556 
1.583333 7.030349 0.103287 5.261002 0.089349 
1.666667 7.019022 0.097656 5.391304 0.085587 
1.750000 7.094840 0.099474 5.389121 0.086696 
1.833333 6.963612 0.096876 5.273585 0.084305 
1.916667 7.161785 0.099943 5.387727 0.086685 
2.000000 7.053867 0.098706 5.432320 0.086621 
2.083333 6.931081 0.096780 5.481081 0.086063 
2.166667 7.004505 0.102554 5.384384 0.089915 
2.250000 7.098383 0.097809 5.180593 0.083558 
2.333333 7.006974 0.098857 5.255230 0.085612 
